6.68000e+00 0.00000e+00
7.00000e+00 7.95626e-20
8.00000e+00 4.89001e-20
9.00000e+00 3.84709e-20
1.00000e+01 3.35297e-20
1.10000e+01 3.00467e-20
1.20000e+01 2.70667e-20
1.30000e+01 2.44382e-20
1.40000e+01 2.21643e-20
1.50000e+01 2.02413e-20
1.60000e+01 1.86379e-20
1.70000e+01 1.73058e-20
1.80000e+01 1.61924e-20
1.90000e+01 1.52489e-20
2.00000e+01 1.44339e-20
2.10000e+01 1.37146e-20
2.20000e+01 1.30662e-20
2.30000e+01 1.24706e-20
2.40000e+01 1.19147e-20
2.50000e+01 1.13898e-20
2.60000e+01 1.08900e-20
2.70000e+01 1.04114e-20
2.80000e+01 9.95152e-21
2.90000e+01 9.50903e-21
3.00000e+01 9.08303e-21
3.10000e+01 8.67300e-21
3.20000e+01 8.27866e-21
3.30000e+01 7.89979e-21
3.40000e+01 7.53621e-21
3.50000e+01 7.18773e-21
3.60000e+01 6.85411e-21
3.70000e+01 6.53508e-21
3.80000e+01 6.23032e-21
3.90000e+01 5.93947e-21
4.00000e+01 5.66213e-21
4.10000e+01 5.39788e-21
4.20000e+01 5.14627e-21
4.30000e+01 4.90682e-21
4.40000e+01 4.67908e-21
4.50000e+01 4.46255e-21
4.60000e+01 4.25676e-21
4.70000e+01 4.06124e-21
4.80000e+01 3.87552e-21
4.90000e+01 3.69914e-21
5.00000e+01 3.53165e-21
5.10000e+01 3.37263e-21
5.20000e+01 3.22165e-21
5.30000e+01 3.07831e-21
5.40000e+01 2.94222e-21
5.50000e+01 2.81301e-21
5.60000e+01 2.69033e-21
5.70000e+01 2.57383e-21
5.80000e+01 2.46319e-21
5.90000e+01 2.35811e-21
6.00000e+01 2.25828e-21
6.10000e+01 2.16343e-21
6.20000e+01 2.07329e-21
6.30000e+01 1.98762e-21
6.40000e+01 1.90617e-21
6.50000e+01 1.82872e-21
6.60000e+01 1.75505e-21
6.70000e+01 1.68496e-21
6.80000e+01 1.61826e-21
6.90000e+01 1.55477e-21
7.00000e+01 1.49432e-21
7.10000e+01 1.43674e-21
7.20000e+01 1.38188e-21
7.30000e+01 1.32960e-21
7.40000e+01 1.27977e-21
7.50000e+01 1.23224e-21
7.60000e+01 1.18691e-21
7.70000e+01 1.14365e-21
7.80000e+01 1.10236e-21
7.90000e+01 1.06293e-21
8.00000e+01 1.02528e-21
8.10000e+01 9.89298e-22
8.20000e+01 9.54909e-22
8.30000e+01 9.22030e-22
8.40000e+01 8.90583e-22
8.50000e+01 8.60496e-22
8.60000e+01 8.31700e-22
8.70000e+01 8.04131e-22
8.80000e+01 7.77727e-22
8.90000e+01 7.52431e-22
9.00000e+01 7.28187e-22
9.10000e+01 7.04945e-22
9.20000e+01 6.82655e-22
9.30000e+01 6.61271e-22
9.40000e+01 6.40749e-22
9.50000e+01 6.21048e-22
9.60000e+01 6.02129e-22
9.70000e+01 5.83955e-22
9.80000e+01 5.66491e-22
9.90000e+01 5.49704e-22
1.00000e+02 5.33561e-22
1.10000e+02 4.01782e-22
1.20000e+02 3.09780e-22
1.30000e+02 2.43753e-22
1.40000e+02 1.95197e-22
1.50000e+02 1.58714e-22
1.60000e+02 1.30780e-22
1.70000e+02 1.09034e-22
1.80000e+02 9.18529e-23
1.90000e+02 7.80999e-23
2.00000e+02 6.69609e-23
2.10000e+02 5.78434e-23
2.20000e+02 5.03088e-23
2.30000e+02 4.40279e-23
2.40000e+02 3.87506e-23
2.50000e+02 3.42840e-23
2.60000e+02 3.04784e-23
2.70000e+02 2.72158e-23
2.80000e+02 2.44027e-23
2.90000e+02 2.19643e-23
3.00000e+02 1.98403e-23
3.10000e+02 1.79815e-23
3.20000e+02 1.63479e-23
3.30000e+02 1.49063e-23
3.40000e+02 1.36293e-23
3.50000e+02 1.24942e-23
3.60000e+02 1.14816e-23
3.70000e+02 1.05756e-23
3.80000e+02 9.76250e-24
3.90000e+02 9.03063e-24
4.00000e+02 8.37012e-24
4.10000e+02 7.77249e-24
4.20000e+02 7.23043e-24
4.30000e+02 6.73762e-24
4.40000e+02 6.28860e-24
4.50000e+02 5.87860e-24
4.60000e+02 5.50349e-24
4.70000e+02 5.15963e-24
4.80000e+02 4.84382e-24
4.90000e+02 4.55327e-24
5.00000e+02 4.28550e-24
5.10000e+02 4.03832e-24
5.20000e+02 3.80980e-24
5.30000e+02 3.59819e-24
5.40000e+02 3.40197e-24
5.50000e+02 3.21976e-24
5.60000e+02 3.05034e-24
5.70000e+02 2.89259e-24
5.80000e+02 2.74554e-24
5.90000e+02 2.60829e-24
6.00000e+02 2.48004e-24
6.10000e+02 2.36006e-24
6.20000e+02 2.24769e-24
6.30000e+02 2.14235e-24
6.40000e+02 2.04349e-24
6.50000e+02 1.95062e-24
6.60000e+02 1.86329e-24
6.70000e+02 1.78110e-24
6.80000e+02 1.70367e-24
6.90000e+02 1.63066e-24
7.00000e+02 1.56177e-24
7.10000e+02 1.49671e-24
7.20000e+02 1.43521e-24
7.30000e+02 1.37703e-24
7.40000e+02 1.32195e-24
7.50000e+02 1.26978e-24
7.60000e+02 1.22031e-24
7.70000e+02 1.17338e-24
7.80000e+02 1.12883e-24
7.90000e+02 1.08650e-24
8.00000e+02 1.04627e-24
8.10000e+02 1.00799e-24
8.20000e+02 9.71561e-25
8.30000e+02 9.36866e-25
8.40000e+02 9.03803e-25
8.50000e+02 8.72278e-25
8.60000e+02 8.42202e-25
8.70000e+02 8.13493e-25
8.80000e+02 7.86075e-25
8.90000e+02 7.59874e-25
9.00000e+02 7.34825e-25
9.10000e+02 7.10866e-25
9.20000e+02 6.87936e-25
9.30000e+02 6.65983e-25
9.40000e+02 6.44953e-25
9.50000e+02 6.24800e-25
9.60000e+02 6.05478e-25
9.70000e+02 5.86944e-25
9.80000e+02 5.69159e-25
9.90000e+02 5.52085e-25
