4.74000e+00 0.00000e+00
5.00000e+00 7.87763e-20
6.00000e+00 6.25013e-20
7.00000e+00 5.16685e-20
8.00000e+00 4.39074e-20
9.00000e+00 3.80553e-20
1.00000e+01 3.34742e-20
1.10000e+01 2.97844e-20
1.20000e+01 2.67454e-20
1.30000e+01 2.41969e-20
1.40000e+01 2.20280e-20
1.50000e+01 2.01593e-20
1.60000e+01 1.85322e-20
1.70000e+01 1.71030e-20
1.80000e+01 1.58377e-20
1.90000e+01 1.47101e-20
2.00000e+01 1.36992e-20
2.10000e+01 1.27881e-20
2.20000e+01 1.19632e-20
2.30000e+01 1.12132e-20
2.40000e+01 1.05288e-20
2.50000e+01 9.90205e-21
2.60000e+01 9.32639e-21
2.70000e+01 8.79617e-21
2.80000e+01 8.30655e-21
2.90000e+01 7.85337e-21
3.00000e+01 7.43302e-21
3.10000e+01 7.04235e-21
3.20000e+01 6.67860e-21
3.30000e+01 6.33934e-21
3.40000e+01 6.02242e-21
3.50000e+01 5.72595e-21
3.60000e+01 5.44821e-21
3.70000e+01 5.18771e-21
3.80000e+01 4.94306e-21
3.90000e+01 4.71306e-21
4.00000e+01 4.49660e-21
4.10000e+01 4.29267e-21
4.20000e+01 4.10038e-21
4.30000e+01 3.91889e-21
4.40000e+01 3.74745e-21
4.50000e+01 3.58539e-21
4.60000e+01 3.43206e-21
4.70000e+01 3.28690e-21
4.80000e+01 3.14937e-21
4.90000e+01 3.01899e-21
5.00000e+01 2.89531e-21
5.10000e+01 2.77790e-21
5.20000e+01 2.66640e-21
5.30000e+01 2.56044e-21
5.40000e+01 2.45970e-21
5.50000e+01 2.36386e-21
5.60000e+01 2.27265e-21
5.70000e+01 2.18580e-21
5.80000e+01 2.10305e-21
5.90000e+01 2.02419e-21
6.00000e+01 1.94899e-21
6.10000e+01 1.87726e-21
6.20000e+01 1.80881e-21
6.30000e+01 1.74345e-21
6.40000e+01 1.68104e-21
6.50000e+01 1.62140e-21
6.60000e+01 1.56440e-21
6.70000e+01 1.50990e-21
6.80000e+01 1.45776e-21
6.90000e+01 1.40788e-21
7.00000e+01 1.36014e-21
7.10000e+01 1.31442e-21
7.20000e+01 1.27063e-21
7.30000e+01 1.22868e-21
7.40000e+01 1.18846e-21
7.50000e+01 1.14991e-21
7.60000e+01 1.11294e-21
7.70000e+01 1.07746e-21
7.80000e+01 1.04342e-21
7.90000e+01 1.01074e-21
8.00000e+01 9.79364e-22
8.10000e+01 9.49223e-22
8.20000e+01 9.20264e-22
8.30000e+01 8.92431e-22
8.40000e+01 8.65673e-22
8.50000e+01 8.39942e-22
8.60000e+01 8.15190e-22
8.70000e+01 7.91374e-22
8.80000e+01 7.68451e-22
8.90000e+01 7.46382e-22
9.00000e+01 7.25130e-22
9.10000e+01 7.04658e-22
9.20000e+01 6.84933e-22
9.30000e+01 6.65921e-22
9.40000e+01 6.47593e-22
9.50000e+01 6.29918e-22
9.60000e+01 6.12869e-22
9.70000e+01 5.96419e-22
9.80000e+01 5.80543e-22
9.90000e+01 5.65217e-22
1.00000e+02 5.50418e-22
1.10000e+02 4.27061e-22
1.20000e+02 3.37692e-22
1.30000e+02 2.71352e-22
1.40000e+02 2.20980e-22
1.50000e+02 1.81941e-22
1.60000e+02 1.51131e-22
1.70000e+02 1.26432e-22
1.80000e+02 1.06370e-22
1.90000e+02 8.98943e-23
2.00000e+02 7.62429e-23
2.10000e+02 6.48498e-23
2.20000e+02 5.52865e-23
2.30000e+02 4.72219e-23
2.40000e+02 4.03962e-23
2.50000e+02 3.46020e-23
2.60000e+02 2.96716e-23
2.70000e+02 2.54683e-23
2.80000e+02 2.18790e-23
2.90000e+02 1.88099e-23
3.00000e+02 1.61828e-23
3.10000e+02 1.39316e-23
3.20000e+02 1.20009e-23
3.30000e+02 1.03439e-23
3.40000e+02 8.92061e-24
3.50000e+02 7.69733e-24
3.60000e+02 6.64528e-24
3.70000e+02 5.73994e-24
3.80000e+02 4.96042e-24
3.90000e+02 4.28885e-24
4.00000e+02 3.70998e-24
4.10000e+02 3.21074e-24
4.20000e+02 2.77998e-24
4.30000e+02 2.40810e-24
4.40000e+02 2.08690e-24
4.50000e+02 1.80934e-24
4.60000e+02 1.56939e-24
4.70000e+02 1.36185e-24
4.80000e+02 1.18225e-24
4.90000e+02 1.02678e-24
5.00000e+02 8.92128e-25
5.10000e+02 7.75459e-25
5.20000e+02 6.74329e-25
5.30000e+02 5.86632e-25
5.40000e+02 5.10553e-25
5.50000e+02 4.44527e-25
5.60000e+02 3.87203e-25
5.70000e+02 3.37415e-25
5.80000e+02 2.94156e-25
5.90000e+02 2.56556e-25
6.00000e+02 2.23862e-25
6.10000e+02 1.95424e-25
6.20000e+02 1.70679e-25
6.30000e+02 1.49139e-25
6.40000e+02 1.30384e-25
6.50000e+02 1.14046e-25
6.60000e+02 9.98096e-26
6.70000e+02 8.73999e-26
6.80000e+02 7.65787e-26
6.90000e+02 6.71393e-26
7.00000e+02 5.89023e-26
7.10000e+02 5.17118e-26
7.20000e+02 4.54326e-26
7.30000e+02 3.99472e-26
7.40000e+02 3.51534e-26
7.50000e+02 3.09622e-26
7.60000e+02 2.72966e-26
7.70000e+02 2.40892e-26
7.80000e+02 2.12815e-26
7.90000e+02 1.88227e-26
8.00000e+02 1.66684e-26
8.10000e+02 1.47799e-26
8.20000e+02 1.31237e-26
8.30000e+02 1.16703e-26
8.40000e+02 1.03942e-26
8.50000e+02 9.27319e-27
8.60000e+02 8.28772e-27
8.70000e+02 7.42084e-27
8.80000e+02 6.65776e-27
8.90000e+02 5.98554e-27
9.00000e+02 5.39288e-27
9.10000e+02 4.86994e-27
9.20000e+02 4.40810e-27
9.30000e+02 3.99983e-27
9.40000e+02 3.63854e-27
9.50000e+02 3.31849e-27
9.60000e+02 3.03464e-27
9.70000e+02 2.78258e-27
9.80000e+02 2.55847e-27
9.90000e+02 2.35893e-27
