13.4625 0.0
14			0.000455	
15			0.000763	
16			0.000969	
17			0.00113	
18			0.00126	
19			0.00137	
20			0.00146	
21			0.00154	
22			0.00161	
23			0.00167	
24			0.00172	
26			0.00181	
28			0.00187	
30			0.00192	
32			0.00196	
34			0.00199	
36			0.00201	
38			0.00202	
40			0.00203	
45			0.00204	
50			0.00202	
55			0.002	
60			0.00197	
65			0.00194	
70			0.0019	
75			0.00187	
80			0.00183	
85			0.00179	
90			0.00176	
95			0.00172	
100		0.00169	
110		0.00162	
120		0.00156	
130		0.0015	
140		0.00145	
150		0.0014	
160		0.00135	
170		0.00131	
180		0.00126	
190		0.00123	
200		0.00119	
250		0.00104	
300		0.000925	
350		0.000835	
400		0.000762	
450		0.000702	
500		0.000651	
600		0.00057	
700		0.000508	
800		0.00046	
900		0.00042	
1000		0.000387	
1500		0.000282	
2000		0.000224	
3000		0.000161	