12.7485 0.0
13			0.00573	
14			0.01274
14.5		0.01503
15			0.01697		
16			0.02018	
17			0.02278
18			0.02496	
19			0.02681	
20			0.0284
21			0.02977	
22			0.03096	
23			0.032	
24			0.03291
26			0.0344	
28			0.03554	
30			0.03641
32			0.03706	
34			0.03754
36			0.03788	
38			0.03811	
40			0.03825	
45			0.03828	
50			0.03801
55			0.03756	
60			0.037	
65			0.03636	
70			0.03569	
75			0.035	
80			0.03431	
85			0.03362	
90			0.03294	
95			0.03227	
100		0.03162
110		0.03038	
120		0.02922	
130		0.02814	
140		0.02713	
150		0.02619
160		0.02531	
170		0.02449	
180		0.02372	
190		0.02301	
200		0.02233
250		0.01952	
300		0.01737	
350		0.01568	
400		0.01431	
450		0.01318	
500		0.01223
600		0.01071	
700		0.00956	
800		0.00865	
1000		0.00729	
1500		0.0053	
2000		0.00421	
3000		0.00303	