13.4306 0.0
14			0.000646	
15			0.00106	
16			0.00135	
17			0.00157	
18			0.00175	
19			0.0019	
20			0.00202	
21			0.00213	
22			0.00223	
23			0.00231	
24			0.00238	
26			0.0025	
28			0.00259	
30			0.00266	
32			0.00271	
34			0.00275	
36			0.00278	
38			0.0028	
40			0.00281	
45			0.00281	
50			0.0028	
55			0.00277	
60			0.00273	
65			0.00268	
70			0.00263	
75			0.00258	
80			0.00253	
85			0.00248	
90			0.00243	
95			0.00238	
100		0.00233	
110		0.00224	
120		0.00215	
130		0.00207	
140		0.002	
150		0.00193	
160		0.00187	
170		0.00181	
180		0.00175	
190		0.0017	
200		0.00165	
250		0.00144	
300		0.00128	
350		0.00115	
400		0.00105	
450		0.00097	
500		0.0009	
600		0.000788	
700		0.000703	
800		0.000636	
900		0.000581	
1000		0.000536	
1500		0.00039	
2000		0.000309	
3000		0.000222	