13.3209 0.0
14			0.00154	
15			0.0024	
16			0.003	
17			0.00346	
18			0.00385	
19			0.00417	
20			0.00445	
21			0.00468	
22			0.00489	
23			0.00507	
24			0.00522	
26			0.00548	
28			0.00567	
30			0.00582	
32			0.00593	
34			0.00602	
36			0.00608	
38			0.00612	
40			0.00614	
45			0.00615	
50			0.00611	
55			0.00604	
60			0.00595	
65			0.00585	
70			0.00575	
75			0.00564	
80			0.00552	
85			0.00541	
90			0.0053	
95			0.0052	
100		0.00509	
110		0.00489	
120		0.00471	
130		0.00453	
140		0.00437	
150		0.00422	
160		0.00408	
170		0.00394	
180		0.00382	
190		0.0037	
200		0.0036	
250		0.00314	
300		0.0028	
350		0.00252	
400		0.0023	
450		0.00212	
500		0.00197	
600		0.00172	
700		0.00154	
800		0.00139	
900		0.00127	
1000		0.00117	
1500		0.000851	
2000		0.000676	
3000		0.000486	