13.2207 0.0
14			0.00267	
15			0.00401	
16			0.00496	
17			0.0057	
18			0.00632	
19			0.00684	
20			0.00728	
21			0.00766	
22			0.00799	
23			0.00828	
24			0.00853	
26			0.00894	
28			0.00925	
30			0.00949	
32			0.00967	
34			0.00981	
36			0.0099	
38			0.00997	
40			0.01001	
45			0.01002	
50			0.00996	
55			0.00984	
60			0.0097	
65			0.00953	
70			0.00936	
75			0.00918	
80			0.009	
85			0.00882	
90			0.00864	
95			0.00846	
100		0.00829	
110		0.00797	
120		0.00766	
130		0.00738	
140		0.00712	
150		0.00687	
160		0.00664	
170		0.00642	
180		0.00622	
190		0.00603	
200		0.00586	
250		0.00512	
300		0.00455	
350		0.00411	
400		0.00375	
450		0.00345	
500		0.0032	
600		0.00281	
700		0.0025	
800		0.00226	
900		0.00207	
1000		0.00191	
1500		0.00139	
2000		0.0011	
3000		0.000791	