13.3860 0.0
14			0.00097	
15			0.00155	
16			0.00195	
17			0.00227	
18			0.00252	
19			0.00274	
20			0.00292	
21			0.00308	
22			0.00321	
23			0.00333	
24			0.00344	
26			0.00361	
28			0.00373	
30			0.00383	
32			0.00391	
34			0.00396	
36			0.004	
38			0.00403	
40			0.00405	
45			0.00405	
50			0.00403	
55			0.00398	
60			0.00392	
65			0.00386	
70			0.00379	
75			0.00371	
80			0.00364	
85			0.00357	
90			0.0035	
95			0.00343	
100		0.00336	
110		0.00323	
120		0.0031	
130		0.00299	
140		0.00288	
150		0.00278	
160		0.00269	
170		0.0026	
180		0.00252	
190		0.00244	
200		0.00237	
250		0.00207	
300		0.00184	
350		0.00166	
400		0.00152	
450		0.0014	
500		0.0013	
600		0.00114	
700		0.00101	
800		0.000915	
900		0.000837	
1000		0.000771	
1500		0.000561	
2000		0.000445	
3000		0.00032	