12.0875 0.0
13			0.03033	
14			0.04382	
14.5		0.04908	
15			0.05372	
16			0.06166	
17			0.06827
18			0.07387	
19			0.07867	
20			0.08282	
21			0.08642	
22			0.08957	
23			0.09231	
24			0.09472
26			0.09867	
28			0.10169	
30			0.10398	
32			0.10569	
34			0.10695
36			0.10782	
38			0.1084	
40			0.10872	
45			0.1087
50			0.10787
55			0.10654	
60			0.1049	
65			0.10308	
70			0.10116	
75			0.09919	
80			0.09721	
85			0.09524	
90			0.09331	
95			0.09142	
100		0.08959
110		0.08607	
120		0.08278	
130		0.07972	
140		0.07686	
150		0.0742	
160		0.07171	
170		0.0694	
180		0.06723	
190		0.0652	
200		0.0633	
250		0.05533	
300		0.04926	
350		0.04447	
400		0.0406	
450		0.03741	
500		0.03471	
600		0.03042	
700		0.02715	
800		0.02456	
900		0.02246	
1000		0.02071	
1500		0.01508	
2000		0.01198	
3000		0.00862	