13.0545 0.0
14			0.00528	
15			0.00752	
16			0.00916	
17			0.01046	
18			0.01154	
19			0.01245	
20			0.01323	
21			0.01391	
22			0.01449	
23			0.015	
24			0.01544	
26			0.01617	
28			0.01673	
30			0.01715	
32			0.01747	
34			0.01771	
36			0.01787	
38			0.01799	
40			0.01806	
45			0.01808	
50			0.01796	
55			0.01775	
60			0.01749	
65			0.01719	
70			0.01688	
75			0.01655	
80			0.01622	
85			0.0159	
90			0.01557	
95			0.01526	
100		0.01495	
110		0.01437	
120		0.01382	
130		0.01331	
140		0.01283	
150		0.01238	
160		0.01197	
170		0.01158	
180		0.01122	
190		0.01088	
200		0.01056	
250		0.00923	
300		0.00821	
350		0.00741	
400		0.00676	
450		0.00623	
500		0.00578	
600		0.00506	
700		0.00452	
800		0.00408	
900		0.00373	
1000		0.00344	
1500		0.0025	
2000		0.00199	
3000		0.00143	