7.60000e+00 0.00000e+00
7.80000e+00 6.00000e-22
8.00000e+00 1.10000e-21
8.20000e+00 1.70000e-21
8.40000e+00 2.50000e-21
8.60000e+00 3.30000e-21
8.80000e+00 4.20000e-21
9.00000e+00 4.80000e-21
9.20000e+00 5.90000e-21
9.40000e+00 6.70000e-21
9.50000e+00 6.80000e-21
9.60000e+00 7.30000e-21
9.80000e+00 7.90000e-21
9.90000e+00 8.20000e-21
1.01000e+01 9.30000e-21
1.05000e+01 1.09000e-20
1.10000e+01 1.28000e-20
1.15000e+01 1.48000e-20
1.20000e+01 1.66000e-20
1.27000e+01 1.83000e-20
1.35000e+01 1.98000e-20
1.42000e+01 2.07000e-20
1.50000e+01 2.28000e-20
1.60000e+01 2.61000e-20
1.70000e+01 2.66000e-20
1.80000e+01 2.77000e-20
1.90000e+01 2.92000e-20
2.00000e+01 2.80000e-20
2.15000e+01 2.95000e-20
2.30000e+01 3.12000e-20
2.60000e+01 2.93000e-20
2.80000e+01 3.08000e-20
3.00000e+01 3.21000e-20
3.20000e+01 3.02000e-20
3.40000e+01 3.13000e-20
3.70000e+01 3.08000e-20
4.00000e+01 3.08000e-20
4.30000e+01 3.04000e-20
4.60000e+01 2.88000e-20
5.00000e+01 2.90000e-20
5.50000e+01 2.89000e-20
6.00000e+01 2.77000e-20
6.50000e+01 2.83000e-20
7.00000e+01 2.89000e-20
7.50000e+01 2.84000e-20
8.10000e+01 2.76000e-20
8.80000e+01 2.58000e-20
9.40000e+01 2.58000e-20
1.00000e+02 2.55000e-20
1.08000e+02 2.39000e-20
1.17000e+02 2.41000e-20
1.26000e+02 2.25000e-20
1.36000e+02 2.25000e-20
1.47000e+02 2.32000e-20
1.59000e+02 2.33000e-20
1.72000e+02 2.21000e-20
1.86000e+02 2.15000e-20
2.00000e+02 2.05000e-20
2.16000e+02 1.94000e-20
2.33000e+02 1.84000e-20
2.50000e+02 1.72000e-20
2.70000e+02 1.72000e-20
2.90000e+02 1.63000e-20
3.20000e+02 1.57000e-20
3.50000e+02 1.47000e-20
3.85000e+02 1.43000e-20
4.25000e+02 1.33000e-20
4.65000e+02 1.25000e-20
5.10000e+02 1.20000e-20
5.60000e+02 1.13000e-20
6.00000e+02 1.12000e-20
6.50000e+02 1.03000e-20
7.10000e+02 9.70000e-21
7.70000e+02 9.00000e-21
8.40000e+02 8.50000e-21
9.10000e+02 7.30000e-21
1.00000e+03 6.80000e-21
1.10000e+03 6.50000e-21
1.20000e+03 6.20000e-21
1.32000e+03 6.20000e-21
1.45000e+03 5.70000e-21
1.60000e+03 5.30000e-21
1.77500e+03 4.80000e-21
1.90000e+03 4.50000e-21
2.10000e+03 4.00000e-21
